
0012349
0018578
0021749
0031381
0038650
0050083
0053285
0053291
0065021
0065593
0072448
0073486
0076101
0076363
0080439
0080929
0082755
0083658
0085354
0087544
0088323
0088763
0089064
0091431
0091530
0093389
0093773
0093870
0094525
0095953
0096283
0096787
0097499
0097521
0097814
0099726
0099785
0100998
0103064
0104431
0105151
0106179
0106833
0107927
0109830
0110413
0110912
0111161
0111221
0111821
0112453
0112817
0113172
0114204
0114279
0114709
0114753
0116156
0117107
0117229
0117420
0117496
0117810
0118623
0118715
0118954
0119079
0119116
0119303
0119472
0119698
0120148
0120261
0120655
0120724
0120735
0120737
0120762
0120855
0122541
0122768
0124901
0125022
0125659
0126029
0128378
0133093
0133240
0143808
0146984
0149460
0155754
0156887
0157583
0160652
0164912
0165832
0170351
0172495
0174480
0180093
0181865
0183869
0188387
0196216
0196596
0198781
0200427
0206013
0208092
0209463
0211915
0217086
0225535
0227538
0240913
0241303
0241527
0243609
0245429
0246578
0246593
0247199
0248667
0250687
0254890
0256524
0261392
0266543
0267675
0275277
0281019
0281358
0283139
0285492
0286151
0287717
0287815
0287986
0288263
0289635
0289786
0289879
0291118
02948372
0295721
0297884
0298148
0301390
0307987
0310203
0314331
0314786
0317705
0325710
0335119
0338013
0338459
0347149
0347436
0354356
0354899
0355295
0356910
0366777
0369672
0374546
0376543
0377752
0378284
0380201
0380636
0381849
0382932
0385004
0388473
0396171
0399295
0405159
0405743
0409379
0410639
0413267
0416508
0419894
0420289
0423866
0424880
0425210
0432034
0432283
0434292
0435100
0436697
0437503
0443536
0443680
0445935
0446755
0448245
0450232
0450345
0452971
0454776
0456340
0457297
0457513
0462538
0463872
0469754
0470674
0478304
0478959
0480128
0484111
0484855
0485601
0485947
0489370
0497465
0499549
0772176
0780180
0780516
0780536
0790636
0791274
0792965
0804540
0809407
0816692
0825232
0825244
0841044
0875034
0876563
0878804
0879843
0887883
0903624
0907657
0926285
0964586
0986272
10048342
1007029
1010048
1014759
1019452
1020773
1022603
1028532
1029161
1034331
1049413
1054631
10713106
1093352
1094278
1095217
1097242
1105753
1107860
11198330
1120985
1124035
1130884
1138489
1139328
1151915
11657662
1166810
1170358
1175505
1186369
1189340
11907902
1210349
1219289
1220719
1234918
1244754
1245526
1274296
1275590
12803902
1280548
1288376
1302011
1303230
1322269
1324055
1327773
1360887
1361835
13668894
1368448
1371111
1377575
1386932
1399683
1446192
1454468
1457767
1465522
14915608
1507355
1533795
1538221
1540133
1550312
1563665
1568921
1587310
1605783
1606180
1612537
1637688
1639093
1648112
1654523
1655420
1661199
1663321
1675192
1675434
1718835
1722484
1726889
1730768
1753383
1754455
1754656
1772341
1839642
1839654
1865718
1872880
1881024
1907704
1914302
1934234
1946298
1980929
2070701
2076176
2096673
21106500
2121382
2172554
2187115
2193021
2194499
2199448
2215395
2234003
2275990
2310332
2319580
2350496
2354181
2400631
2534634
2582802
2591814
2593084
2611652
2619250
2624672
2756602
2763296
2768802
2861424
2873250
2944454
2949338
2987342
2991224
3011894
3037582
3062880
308906
3092552
3183660
3216380
3300814
3340446
3375370
3416742
3464902
3469960
3472226
3480158
3521306
3544082
3553976
3568804
3582040
3606756
3620860
3665930
3741834
3759416
3765326
3830162
3983692
4080728
4082068
4113712
4114654
4209788
4244998
4326444
4354276
4375438
4466648
4466946
4468740
4483460
4560008
4622202
4630550
4682788
4702752
4730838
4857264
4901306
4972582
5029608
5049636
5061360
5062652
5096536
5113044
5180504
5194504
5221584
5247704
5258850
5321814
5348236
5389750
5531536
5541852
5574166
5580036
5690810
5814592
5818818
5886440
5929754
5992202
5996202
5997848
6187794
6238896
6253688
6263618
6272384
6313378
6313379
6386748
6433456
6576556
6710474
6718170
6772524
6896536
6938828
6961808
6966692
6990734
7063210
7078780
7146812
7236034
7253316
7298400
7366338
7476236
7477068
7666250
7978912
8001346
8095860
8111088
8214666
8263936
8466564
8747598
8753438
8773020
8951692
8991268
9074232
9140560
9174578
9426210
9561862
9618254
9684264
